0 1 2 3 4 5 7 8 9 10 11 12 13 
0 1 2 3 4 5 7 8 9 10 11 12 13 14 
0 1 2 3 4 5 7 8 9 10 11 12 13 14 15 
0 1 2 3 4 5 7 8 9 10 11 12 13 14 15 16 
0 1 2 3 4 5 7 8 9 10 11 12 13 14 15 16 17 
0 1 2 3 4 5 7 8 9 10 11 12 13 14 15 17 
0 1 2 3 4 5 7 8 9 10 11 12 13 14 16 
0 1 2 3 4 5 7 8 9 10 11 12 13 14 16 17 
0 1 2 3 4 5 7 8 9 10 11 12 13 14 17 
0 1 2 3 4 5 7 8 9 10 11 12 13 17 
0 1 2 3 4 5 7 8 9 10 11 13 
0 1 2 3 4 5 7 8 9 10 11 13 14 
0 1 2 3 4 5 7 8 9 10 11 13 14 15 
0 1 2 3 4 5 7 8 9 10 11 13 14 15 17 
0 1 2 3 4 5 7 8 9 10 11 13 14 17 
0 1 2 3 4 5 7 8 9 10 11 13 17 
0 1 2 3 4 5 7 8 9 11 13 
0 1 2 3 4 5 7 8 9 11 13 14 
0 1 2 3 4 5 7 8 9 11 13 14 15 
0 1 2 3 4 5 7 8 9 11 13 14 15 17 
0 1 2 3 4 5 7 8 9 11 13 14 17 
0 1 2 3 4 5 7 8 9 11 13 17 
0 1 2 3 4 5 7 8 10 11 
0 1 2 3 4 5 7 8 10 11 12 
0 1 2 3 4 5 7 8 10 11 12 13 
0 1 2 3 4 5 7 8 10 11 12 13 14 
0 1 2 3 4 5 7 8 10 11 12 13 14 15 
0 1 2 3 4 5 7 8 10 11 12 13 14 15 16 
0 1 2 3 4 5 7 8 10 11 12 13 14 15 17 
0 1 2 3 4 5 7 8 10 11 12 13 14 16 
0 1 2 3 4 5 7 8 10 11 12 13 14 16 17 
0 1 2 3 4 5 7 8 10 11 12 13 14 17 
0 1 2 3 4 5 7 8 10 11 12 13 17 
0 1 2 3 4 5 7 8 10 11 12 14 
0 1 2 3 4 5 7 8 10 11 12 14 15 
0 1 2 3 4 5 7 8 10 11 12 14 15 17 
0 1 2 3 4 5 7 8 10 11 12 14 16 
0 1 2 3 4 5 7 8 10 11 12 14 16 17 
0 1 2 3 4 5 7 8 10 11 12 14 17 
0 1 2 3 4 5 7 8 10 11 12 17 
0 1 2 3 4 5 7 8 10 11 13 
0 1 2 3 4 5 7 8 10 11 13 14 
0 1 2 3 4 5 7 8 10 11 13 14 15 
0 1 2 3 4 5 7 8 10 11 13 14 15 17 
0 1 2 3 4 5 7 8 10 11 13 14 17 
0 1 2 3 4 5 7 8 10 11 13 17 
0 1 2 3 4 5 7 8 10 11 14 
0 1 2 3 4 5 7 8 10 11 14 15 
0 1 2 3 4 5 7 8 10 11 14 15 17 
0 1 2 3 4 5 7 8 10 11 14 17 
0 1 2 3 4 5 7 8 10 11 17 
0 1 2 3 4 5 7 8 11 
0 1 2 3 4 5 7 8 11 13 
0 1 2 3 4 5 7 8 11 13 14 
0 1 2 3 4 5 7 8 11 13 14 15 
0 1 2 3 4 5 7 8 11 13 14 15 17 
0 1 2 3 4 5 7 8 11 13 14 17 
0 1 2 3 4 5 7 8 11 13 17 
0 1 2 3 4 5 7 8 11 14 
0 1 2 3 4 5 7 8 11 14 15 
0 1 2 3 4 5 7 8 11 14 15 17 
0 1 2 3 4 5 7 8 11 14 17 
0 1 2 3 4 5 7 8 11 17 
0 1 2 3 4 5 7 9 10 11 12 13 
0 1 2 3 4 5 7 9 10 11 12 13 17 
0 1 2 3 4 5 7 9 10 11 13 14 17 
0 1 2 3 4 5 7 9 11 13 
0 1 2 3 4 5 7 9 11 13 14 15 
0 1 2 3 4 5 7 9 11 13 14 17 
0 1 2 3 4 5 7 9 11 13 17 
0 1 2 3 4 5 7 10 11 
0 1 2 3 4 5 7 10 11 12 
0 1 2 3 4 5 7 10 11 12 13 
0 1 2 3 4 5 7 10 11 12 17 
0 1 2 3 4 5 7 10 11 13 14 15 17 
0 1 2 3 4 5 7 10 11 13 17 
0 1 2 3 4 5 7 10 11 14 15 17 
0 1 2 3 4 5 7 10 11 17 
0 1 2 3 4 5 7 11 
0 1 2 3 4 5 7 11 13 14 15 
0 1 2 3 4 5 7 11 13 17 
0 1 2 3 4 5 7 11 14 15 
0 1 2 3 4 5 7 11 14 15 17 
0 1 2 3 4 5 7 11 14 17 
0 1 2 3 4 5 7 11 17 
0 1 3 
0 1 3 4 
0 1 3 4 5 
0 1 3 4 5 7 
0 1 3 4 5 7 8 
0 1 3 4 5 7 8 9 10 11 12 13 
0 1 3 4 5 7 8 9 10 11 12 13 14 
0 1 3 4 5 7 8 9 10 11 12 13 14 15 
0 1 3 4 5 7 8 9 10 11 12 13 14 15 16 
0 1 3 4 5 7 8 9 10 11 12 13 14 16 
0 1 3 4 5 7 8 9 10 11 13 
0 1 3 4 5 7 8 9 10 11 13 14 15 
0 1 3 4 5 7 8 9 11 13 
0 1 3 4 5 7 8 9 11 13 14 
0 1 3 4 5 7 8 9 11 13 14 15 
0 1 3 4 5 7 8 9 13 
0 1 3 4 5 7 8 10 11 
0 1 3 4 5 7 8 10 11 12 
0 1 3 4 5 7 8 10 11 12 13 
0 1 3 4 5 7 8 10 11 12 13 14 
0 1 3 4 5 7 8 10 11 12 13 14 15 
0 1 3 4 5 7 8 10 11 12 13 14 15 16 
0 1 3 4 5 7 8 10 11 12 13 14 16 
0 1 3 4 5 7 8 10 11 12 14 
0 1 3 4 5 7 8 10 11 12 14 15 
0 1 3 4 5 7 8 10 11 12 14 15 16 
0 1 3 4 5 7 8 10 11 12 14 16 
0 1 3 4 5 7 8 10 11 13 
0 1 3 4 5 7 8 10 11 13 14 15 
0 1 3 4 5 7 8 10 11 14 
0 1 3 4 5 7 8 10 11 14 15 
0 1 3 4 5 7 8 11 
0 1 3 4 5 7 8 11 13 
0 1 3 4 5 7 8 11 13 14 15 
0 1 3 4 5 7 8 11 14 
0 1 3 4 5 7 8 11 14 15 
0 1 3 4 5 7 8 13 
0 1 3 4 5 7 9 10 11 12 13 
0 1 3 4 5 7 9 10 11 13 
0 1 3 4 5 7 9 11 13 
0 1 3 4 5 7 9 13 
0 1 3 4 5 7 10 11 
0 1 3 4 5 7 10 11 12 
0 1 3 4 5 7 10 11 12 13 
0 1 3 4 5 7 10 11 14 
0 1 3 4 5 7 11 
0 1 3 4 5 7 11 14 
0 1 3 4 5 7 11 14 15 
0 1 3 4 5 7 13 
0 1 3 4 7 
0 1 3 4 7 8 
0 1 3 4 7 8 9 13 
0 1 3 4 7 9 13 
0 1 3 4 7 13 
0 1 3 5 
0 1 3 5 7 
0 1 3 5 7 8 
0 1 3 5 7 8 11 
0 1 3 5 7 11 
0 1 3 7 
0 1 3 7 8 
0 1 3 7 13 
0 2 3 4 5 7 8 9 10 11 12 13 
0 2 3 4 5 7 8 9 10 11 12 13 14 
0 2 3 4 5 7 8 9 10 11 12 13 17 
0 2 3 4 5 7 8 9 10 11 13 
0 2 3 4 5 7 8 9 10 11 13 14 15 
0 2 3 4 5 7 8 9 11 13 
0 2 3 4 5 7 8 10 11 
0 2 3 4 5 7 8 10 11 12 
0 2 3 4 5 7 8 10 11 12 13 
0 2 3 4 5 7 8 10 11 12 13 17 
0 2 3 4 5 7 8 10 11 12 17 
0 2 3 4 5 7 8 10 11 13 
0 2 3 4 5 7 8 10 11 17 
0 2 3 4 5 7 8 11 
0 2 3 4 5 7 8 11 13 
0 2 3 4 5 7 8 11 14 17 
0 2 3 4 5 7 8 11 17 
0 2 3 4 5 7 9 10 11 12 13 
0 2 3 4 5 7 9 10 11 12 13 17 
0 2 3 4 5 7 9 10 11 13 
0 2 3 4 5 7 9 11 13 14 17 
0 2 3 4 5 7 10 11 
0 2 3 4 5 7 10 11 12 
0 2 3 4 5 7 10 11 12 13 
0 2 3 4 5 7 10 11 12 17 
0 2 3 4 5 7 10 11 13 
0 2 3 4 5 7 10 11 17 
0 2 3 4 5 7 11 
0 2 3 4 5 7 11 13 14 17 
0 2 3 4 5 7 11 14 
0 2 3 4 5 7 11 14 15 
0 2 3 4 5 7 11 14 17 
0 2 3 4 5 7 11 17 
0 2 3 5 7 11 
0 3 
0 3 4 5 
0 3 4 5 7 
0 3 4 5 7 8 
0 3 4 5 7 8 9 10 11 12 13 
0 3 4 5 7 8 9 10 11 13 
0 3 4 5 7 8 9 10 11 13 14 15 
0 3 4 5 7 8 9 11 13 
0 3 4 5 7 8 9 11 13 14 
0 3 4 5 7 8 9 11 13 14 15 
0 3 4 5 7 8 9 13 
0 3 4 5 7 8 10 11 
0 3 4 5 7 8 10 11 12 
0 3 4 5 7 8 10 11 12 13 
0 3 4 5 7 8 10 11 12 14 
0 3 4 5 7 8 10 11 12 14 16 
0 3 4 5 7 8 10 11 14 
0 3 4 5 7 8 11 
0 3 4 5 7 8 11 13 
0 3 4 5 7 8 13 
0 3 4 5 7 9 10 11 12 13 
0 3 4 5 7 9 10 11 13 
0 3 4 5 7 9 11 13 
0 3 4 5 7 9 13 
0 3 4 5 7 10 11 
0 3 4 5 7 10 11 12 
0 3 4 5 7 10 11 12 13 
0 3 4 5 7 10 11 12 14 
0 3 4 5 7 10 11 13 
0 3 4 5 7 10 11 14 
0 3 4 5 7 11 
0 3 4 5 7 11 13 
0 3 4 5 7 11 14 
0 3 4 5 7 13 
0 3 4 5 9 13 
0 3 4 5 13 
0 3 4 7 
0 3 4 7 8 
0 3 4 7 8 9 13 
0 3 4 7 8 11 
0 3 4 7 8 13 
0 3 4 7 9 13 
0 3 4 7 13 
0 3 5 
0 3 5 7 
0 3 5 7 8 
0 3 5 7 8 11 
0 3 5 7 10 11 
0 3 5 7 11 
0 3 7 
0 3 7 8 
0 3 7 13 
