0 1 2 4 5 6 7 8 
0 1 2 4 5 6 7 8 9 
0 1 2 4 5 6 7 8 9 10 
0 1 2 4 5 6 7 8 9 10 11 
0 1 2 4 5 6 7 8 9 10 11 12 
0 1 2 4 5 6 7 8 9 10 11 12 15 
0 1 2 4 5 6 7 8 9 10 11 12 15 16 
0 1 2 4 5 6 7 8 9 10 11 12 15 16 17 
0 1 2 4 5 6 7 8 9 10 11 12 15 16 17 18 
0 1 2 4 5 6 7 8 9 10 11 12 15 16 17 18 19 
0 1 2 4 5 6 7 8 9 10 11 12 15 16 17 19 
0 1 2 4 5 6 7 8 9 10 11 12 15 16 18 
0 1 2 4 5 6 7 8 9 10 11 12 15 16 18 19 
0 1 2 4 5 6 7 8 9 10 11 12 15 16 19 
0 1 2 4 5 6 7 8 9 10 11 12 15 17 19 
0 1 2 4 5 6 7 8 9 10 11 12 15 19 
0 1 2 4 5 6 7 8 9 10 11 12 16 
0 1 2 4 5 6 7 8 9 10 11 12 16 17 18 
0 1 2 4 5 6 7 8 9 10 11 12 16 18 
0 1 2 4 5 6 7 8 9 10 11 12 16 18 19 
0 1 2 4 5 6 7 8 9 10 11 12 16 19 
0 1 2 4 5 6 7 8 9 10 11 12 19 
0 1 2 4 5 6 7 8 9 10 11 15 
0 1 2 4 5 6 7 8 9 10 11 15 16 
0 1 2 4 5 6 7 8 9 10 11 15 16 17 
0 1 2 4 5 6 7 8 9 10 11 15 16 17 18 
0 1 2 4 5 6 7 8 9 10 11 15 16 17 18 19 
0 1 2 4 5 6 7 8 9 10 11 15 16 17 19 
0 1 2 4 5 6 7 8 9 10 11 15 16 18 
0 1 2 4 5 6 7 8 9 10 11 15 16 18 19 
0 1 2 4 5 6 7 8 9 10 11 15 16 19 
0 1 2 4 5 6 7 8 9 10 11 15 17 
0 1 2 4 5 6 7 8 9 10 11 15 17 19 
0 1 2 4 5 6 7 8 9 10 11 15 19 
0 1 2 4 5 6 7 8 9 10 11 16 
0 1 2 4 5 6 7 8 9 10 11 16 17 
0 1 2 4 5 6 7 8 9 10 11 16 17 18 
0 1 2 4 5 6 7 8 9 10 11 16 17 18 19 
0 1 2 4 5 6 7 8 9 10 11 16 18 
0 1 2 4 5 6 7 8 9 10 11 16 18 19 
0 1 2 4 5 6 7 8 9 10 11 16 19 
0 1 2 4 5 6 7 8 9 10 11 17 
0 1 2 4 5 6 7 8 9 10 12 
0 1 2 4 5 6 7 8 9 10 12 15 
0 1 2 4 5 6 7 8 9 10 12 15 16 
0 1 2 4 5 6 7 8 9 10 12 15 16 17 18 19 
0 1 2 4 5 6 7 8 9 10 12 15 16 18 
0 1 2 4 5 6 7 8 9 10 12 15 16 18 19 
0 1 2 4 5 6 7 8 9 10 12 15 16 19 
0 1 2 4 5 6 7 8 9 10 12 15 19 
0 1 2 4 5 6 7 8 9 10 12 16 
0 1 2 4 5 6 7 8 9 10 12 16 18 
0 1 2 4 5 6 7 8 9 10 12 16 18 19 
0 1 2 4 5 6 7 8 9 10 12 16 19 
0 1 2 4 5 6 7 8 9 10 15 
0 1 2 4 5 6 7 8 9 10 15 16 
0 1 2 4 5 6 7 8 9 10 15 16 17 18 
0 1 2 4 5 6 7 8 9 10 15 16 17 18 19 
0 1 2 4 5 6 7 8 9 10 15 16 17 19 
0 1 2 4 5 6 7 8 9 10 15 16 18 
0 1 2 4 5 6 7 8 9 10 15 16 18 19 
0 1 2 4 5 6 7 8 9 10 15 16 19 
0 1 2 4 5 6 7 8 9 10 15 17 
0 1 2 4 5 6 7 8 9 10 15 17 19 
0 1 2 4 5 6 7 8 9 10 15 19 
0 1 2 4 5 6 7 8 9 10 16 
0 1 2 4 5 6 7 8 9 10 16 17 18 19 
0 1 2 4 5 6 7 8 9 10 16 18 
0 1 2 4 5 6 7 8 9 10 16 18 19 
0 1 2 4 5 6 7 8 9 10 16 19 
0 1 2 4 5 6 7 8 9 10 19 
0 1 2 4 5 6 7 8 9 15 
0 1 2 4 5 6 7 8 9 15 16 
0 1 2 4 5 6 7 8 9 15 16 17 18 
0 1 2 4 5 6 7 8 9 15 16 17 18 19 
0 1 2 4 5 6 7 8 9 15 16 17 19 
0 1 2 4 5 6 7 8 9 15 16 18 
0 1 2 4 5 6 7 8 9 15 16 18 19 
0 1 2 4 5 6 7 8 9 15 16 19 
0 1 2 4 5 6 7 8 9 15 17 
0 1 2 4 5 6 7 8 9 15 17 19 
0 1 2 4 5 6 7 8 9 15 19 
0 1 2 4 5 6 7 8 9 16 
0 1 2 4 5 6 7 8 9 16 18 
0 1 2 4 5 6 7 8 9 16 18 19 
0 1 2 4 5 6 7 8 9 16 19 
0 1 2 4 5 6 7 8 9 17 
0 1 2 4 5 6 7 8 9 19 
0 1 2 4 5 6 7 8 16 
0 1 2 4 5 6 7 8 16 18 
0 1 2 4 5 6 7 8 16 18 19 
0 1 2 4 5 6 7 8 16 19 
0 1 2 4 5 6 7 8 19 
0 1 2 4 5 6 8 
0 1 2 4 5 6 8 9 
0 1 2 4 5 6 8 9 10 
0 1 2 4 5 6 8 9 10 11 12 15 16 17 18 19 
0 1 2 4 5 6 8 9 10 11 12 16 
0 1 2 4 5 6 8 9 10 11 12 16 18 
0 1 2 4 5 6 8 9 10 11 12 16 18 19 
0 1 2 4 5 6 8 9 10 11 15 16 
0 1 2 4 5 6 8 9 10 11 15 16 17 18 19 
0 1 2 4 5 6 8 9 10 11 17 
0 1 2 4 5 6 8 9 10 12 16 
0 1 2 4 5 6 8 9 10 15 16 17 18 
0 1 2 4 5 6 8 9 10 15 16 17 18 19 
0 1 2 4 5 6 8 9 10 15 17 
0 1 2 4 5 6 8 9 10 16 
0 1 2 4 5 6 8 9 10 17 
0 1 2 4 5 6 8 9 15 16 17 18 19 
0 1 2 4 5 6 8 9 15 16 18 19 
0 1 2 4 5 6 8 9 15 17 19 
0 1 2 4 5 6 8 9 16 
0 1 2 4 5 6 8 16 
0 1 2 4 5 6 8 16 19 
0 1 2 4 5 6 8 19 
0 1 4 
0 1 4 5 6 
0 1 4 5 6 7 
0 1 4 5 6 7 8 
0 1 4 5 6 7 8 9 
0 1 4 5 6 7 8 9 10 
0 1 4 5 6 7 8 9 10 11 12 15 16 
0 1 4 5 6 7 8 9 10 11 12 15 16 17 18 
0 1 4 5 6 7 8 9 10 11 12 15 16 17 18 19 
0 1 4 5 6 7 8 9 10 11 12 15 16 18 19 
0 1 4 5 6 7 8 9 10 11 12 15 16 19 
0 1 4 5 6 7 8 9 10 11 12 15 19 
0 1 4 5 6 7 8 9 10 11 12 16 
0 1 4 5 6 7 8 9 10 11 15 
0 1 4 5 6 7 8 9 10 11 15 16 
0 1 4 5 6 7 8 9 10 11 15 16 17 18 
0 1 4 5 6 7 8 9 10 11 15 16 17 18 19 
0 1 4 5 6 7 8 9 10 11 15 19 
0 1 4 5 6 7 8 9 10 11 16 
0 1 4 5 6 7 8 9 10 11 16 17 18 19 
0 1 4 5 6 7 8 9 10 12 16 
0 1 4 5 6 7 8 9 10 15 
0 1 4 5 6 7 8 9 10 15 16 18 
0 1 4 5 6 7 8 9 10 15 16 18 19 
0 1 4 5 6 7 8 9 10 15 19 
0 1 4 5 6 7 8 9 10 16 
0 1 4 5 6 7 8 9 10 16 19 
0 1 4 5 6 7 8 9 15 17 19 
0 1 4 5 6 7 8 9 16 
0 1 4 5 6 7 8 9 16 18 19 
0 1 4 5 6 7 8 9 16 19 
0 1 4 5 6 7 8 9 17 19 
0 1 4 5 6 7 8 9 19 
0 1 4 5 6 7 8 16 
0 1 4 5 6 7 8 16 18 19 
0 1 4 5 6 7 8 16 19 
0 1 4 5 6 7 8 19 
0 1 4 5 6 7 9 
0 1 4 5 6 7 9 10 
0 1 4 5 6 7 9 10 11 12 15 16 17 18 
0 1 4 5 6 7 9 10 11 12 15 16 17 18 19 
0 1 4 5 6 7 9 10 11 15 16 17 18 
0 1 4 5 6 7 9 10 11 15 16 17 18 19 
0 1 4 5 6 7 9 10 11 16 17 18 
0 1 4 5 6 7 9 10 11 16 17 18 19 
0 1 4 5 6 7 9 10 12 15 16 17 18 19 
0 1 4 5 6 7 9 10 15 
0 1 4 5 6 7 9 10 15 16 
0 1 4 5 6 7 9 10 15 16 17 18 19 
0 1 4 5 6 7 9 10 15 16 18 
0 1 4 5 6 7 9 10 16 
0 1 4 5 6 7 9 10 16 17 18 19 
0 1 4 5 6 7 9 10 16 18 
0 1 4 5 6 7 9 10 16 18 19 
0 1 4 5 6 7 9 15 17 19 
0 1 4 5 6 7 9 16 
0 1 4 5 6 7 9 17 19 
0 1 4 5 6 7 9 19 
0 1 4 5 6 7 16 
0 1 4 5 6 7 16 19 
0 1 4 5 6 7 19 
0 1 4 5 6 8 
0 1 4 5 6 8 9 
0 1 4 5 6 8 9 10 
0 1 4 5 6 8 9 10 11 15 16 17 18 
0 1 4 5 6 8 9 10 11 15 19 
0 1 4 5 6 8 9 10 15 
0 1 4 5 6 8 9 10 15 16 17 18 
0 1 4 5 6 8 9 10 17 
0 1 4 5 6 8 9 15 16 17 18 19 
0 1 4 5 6 8 9 15 17 19 
0 1 4 5 6 8 9 19 
0 1 4 5 6 8 16 
0 1 4 5 6 8 16 19 
0 1 4 5 6 8 19 
0 1 4 5 6 9 
0 1 4 5 6 9 10 11 15 16 17 18 
0 1 4 5 6 9 10 11 15 16 18 
0 1 4 5 6 9 10 11 15 19 
0 1 4 5 6 9 10 15 16 
0 1 4 5 6 9 10 15 16 17 18 
0 1 4 5 6 9 10 15 16 18 
0 1 4 5 6 9 10 16 
0 1 4 5 6 9 15 16 17 
0 1 4 5 6 9 15 16 17 18 
0 1 4 5 6 9 15 16 17 18 19 
0 1 4 5 6 9 16 
0 1 4 5 6 9 16 17 
0 1 4 5 6 9 19 
0 1 4 5 6 16 
0 1 4 5 6 16 19 
0 1 4 5 6 19 
0 1 4 6 
0 1 4 6 7 
0 1 4 6 7 8 
0 1 4 6 7 8 19 
0 1 4 6 7 16 
0 1 4 6 7 19 
0 1 4 6 8 
0 1 4 6 8 19 
0 1 4 6 16 
0 1 4 6 16 19 
0 1 4 6 19 
0 2 4 5 6 7 8 
0 2 4 5 6 7 8 9 
0 2 4 5 6 7 8 9 10 
0 2 4 5 6 7 8 9 10 11 
0 2 4 5 6 7 8 9 10 11 12 
0 2 4 5 6 7 8 9 10 11 12 15 
0 2 4 5 6 7 8 9 10 11 12 15 16 
0 2 4 5 6 7 8 9 10 11 12 15 16 17 18 
0 2 4 5 6 7 8 9 10 11 12 15 16 18 
0 2 4 5 6 7 8 9 10 11 12 15 16 18 19 
0 2 4 5 6 7 8 9 10 11 12 15 16 19 
0 2 4 5 6 7 8 9 10 11 12 15 19 
0 2 4 5 6 7 8 9 10 11 12 16 
0 2 4 5 6 7 8 9 10 11 12 16 17 18 
0 2 4 5 6 7 8 9 10 11 12 16 18 
0 2 4 5 6 7 8 9 10 11 12 16 18 19 
0 2 4 5 6 7 8 9 10 11 12 16 19 
0 2 4 5 6 7 8 9 10 11 12 19 
0 2 4 5 6 7 8 9 10 11 15 
0 2 4 5 6 7 8 9 10 11 15 16 
0 2 4 5 6 7 8 9 10 11 15 16 17 
0 2 4 5 6 7 8 9 10 11 15 16 17 18 
0 2 4 5 6 7 8 9 10 11 15 16 18 
0 2 4 5 6 7 8 9 10 11 15 16 18 19 
0 2 4 5 6 7 8 9 10 11 15 16 19 
0 2 4 5 6 7 8 9 10 11 15 17 
0 2 4 5 6 7 8 9 10 11 15 17 19 
0 2 4 5 6 7 8 9 10 11 15 19 
0 2 4 5 6 7 8 9 10 11 16 
0 2 4 5 6 7 8 9 10 11 16 17 
0 2 4 5 6 7 8 9 10 11 16 17 18 
0 2 4 5 6 7 8 9 10 11 16 18 
0 2 4 5 6 7 8 9 10 11 16 18 19 
0 2 4 5 6 7 8 9 10 11 16 19 
0 2 4 5 6 7 8 9 10 11 17 
0 2 4 5 6 7 8 9 10 11 17 19 
0 2 4 5 6 7 8 9 10 11 19 
0 2 4 5 6 7 8 9 10 12 
0 2 4 5 6 7 8 9 10 12 15 
0 2 4 5 6 7 8 9 10 12 15 16 
0 2 4 5 6 7 8 9 10 12 15 16 18 
0 2 4 5 6 7 8 9 10 12 15 16 18 19 
0 2 4 5 6 7 8 9 10 12 15 16 19 
0 2 4 5 6 7 8 9 10 12 15 19 
0 2 4 5 6 7 8 9 10 12 16 
0 2 4 5 6 7 8 9 10 12 16 18 
0 2 4 5 6 7 8 9 10 12 16 18 19 
0 2 4 5 6 7 8 9 10 12 16 19 
0 2 4 5 6 7 8 9 10 12 19 
0 2 4 5 6 7 8 9 10 15 
0 2 4 5 6 7 8 9 10 15 16 
0 2 4 5 6 7 8 9 10 15 16 18 
0 2 4 5 6 7 8 9 10 15 16 18 19 
0 2 4 5 6 7 8 9 10 15 16 19 
0 2 4 5 6 7 8 9 10 15 19 
0 2 4 5 6 7 8 9 10 16 
0 2 4 5 6 7 8 9 10 16 18 
0 2 4 5 6 7 8 9 10 16 18 19 
0 2 4 5 6 7 8 9 10 16 19 
0 2 4 5 6 7 8 9 10 17 
0 2 4 5 6 7 8 9 10 19 
0 2 4 5 6 7 8 9 15 
0 2 4 5 6 7 8 9 15 16 
0 2 4 5 6 7 8 9 15 16 17 
0 2 4 5 6 7 8 9 15 16 17 18 
0 2 4 5 6 7 8 9 15 16 18 
0 2 4 5 6 7 8 9 15 16 18 19 
0 2 4 5 6 7 8 9 15 16 19 
0 2 4 5 6 7 8 9 15 17 
0 2 4 5 6 7 8 9 15 19 
0 2 4 5 6 7 8 9 16 
0 2 4 5 6 7 8 9 16 18 
0 2 4 5 6 7 8 9 16 18 19 
0 2 4 5 6 7 8 9 16 19 
0 2 4 5 6 7 8 9 19 
0 2 4 5 6 7 8 16 
0 2 4 5 6 7 8 16 18 
0 2 4 5 6 7 8 16 18 19 
0 2 4 5 6 7 8 16 19 
0 2 4 5 6 7 8 19 
0 2 4 5 6 8 
0 2 4 5 6 8 9 
0 2 4 5 6 8 9 10 
0 2 4 5 6 8 9 10 11 
0 2 4 5 6 8 9 10 11 12 15 16 18 19 
0 2 4 5 6 8 9 10 11 12 15 16 19 
0 2 4 5 6 8 9 10 11 15 
0 2 4 5 6 8 9 10 11 15 16 
0 2 4 5 6 8 9 10 11 15 16 18 
0 2 4 5 6 8 9 10 11 15 16 19 
0 2 4 5 6 8 9 10 11 15 19 
0 2 4 5 6 8 9 10 11 19 
0 2 4 5 6 8 9 10 12 15 16 19 
0 2 4 5 6 8 9 10 15 
0 2 4 5 6 8 9 10 15 16 
0 2 4 5 6 8 9 10 15 16 19 
0 2 4 5 6 8 9 10 15 17 
0 2 4 5 6 8 9 10 15 19 
0 2 4 5 6 8 9 10 16 
0 2 4 5 6 8 9 10 16 19 
0 2 4 5 6 8 9 10 19 
0 2 4 5 6 8 9 15 
0 2 4 5 6 8 9 15 16 
0 2 4 5 6 8 9 15 16 18 
0 2 4 5 6 8 9 15 16 18 19 
0 2 4 5 6 8 9 15 16 19 
0 2 4 5 6 8 9 15 19 
0 2 4 5 6 8 9 19 
0 2 4 5 6 8 16 
0 2 4 5 6 8 19 
0 4 
0 4 5 
0 4 5 6 
0 4 5 6 7 
0 4 5 6 7 8 
0 4 5 6 7 8 9 
0 4 5 6 7 8 9 10 
0 4 5 6 7 8 9 10 11 
0 4 5 6 7 8 9 10 11 12 
0 4 5 6 7 8 9 10 11 12 15 
0 4 5 6 7 8 9 10 11 12 15 16 18 19 
0 4 5 6 7 8 9 10 11 12 15 16 19 
0 4 5 6 7 8 9 10 11 12 15 19 
0 4 5 6 7 8 9 10 11 12 16 
0 4 5 6 7 8 9 10 11 12 16 18 
0 4 5 6 7 8 9 10 11 12 16 18 19 
0 4 5 6 7 8 9 10 11 12 16 19 
0 4 5 6 7 8 9 10 11 15 
0 4 5 6 7 8 9 10 11 15 16 
0 4 5 6 7 8 9 10 11 15 16 18 19 
0 4 5 6 7 8 9 10 11 15 16 19 
0 4 5 6 7 8 9 10 11 15 17 
0 4 5 6 7 8 9 10 11 15 17 19 
0 4 5 6 7 8 9 10 11 15 19 
0 4 5 6 7 8 9 10 11 16 
0 4 5 6 7 8 9 10 11 16 18 
0 4 5 6 7 8 9 10 11 16 18 19 
0 4 5 6 7 8 9 10 11 16 19 
0 4 5 6 7 8 9 10 11 19 
0 4 5 6 7 8 9 10 12 
0 4 5 6 7 8 9 10 12 15 16 
0 4 5 6 7 8 9 10 12 15 16 19 
0 4 5 6 7 8 9 10 12 16 
0 4 5 6 7 8 9 10 12 16 18 
0 4 5 6 7 8 9 10 12 16 19 
0 4 5 6 7 8 9 10 15 
0 4 5 6 7 8 9 10 15 16 
0 4 5 6 7 8 9 10 15 16 18 
0 4 5 6 7 8 9 10 15 16 18 19 
0 4 5 6 7 8 9 10 15 19 
0 4 5 6 7 8 9 10 16 
0 4 5 6 7 8 9 10 16 18 
0 4 5 6 7 8 9 10 16 19 
0 4 5 6 7 8 9 10 17 
0 4 5 6 7 8 9 10 19 
0 4 5 6 7 8 9 15 
0 4 5 6 7 8 9 15 16 
0 4 5 6 7 8 9 15 16 18 19 
0 4 5 6 7 8 9 15 16 19 
0 4 5 6 7 8 9 15 17 
0 4 5 6 7 8 9 15 19 
0 4 5 6 7 8 9 16 
0 4 5 6 7 8 9 16 18 
0 4 5 6 7 8 9 16 18 19 
0 4 5 6 7 8 9 16 19 
0 4 5 6 7 8 9 19 
0 4 5 6 7 8 16 
0 4 5 6 7 8 16 18 
0 4 5 6 7 8 16 18 19 
0 4 5 6 7 8 16 19 
0 4 5 6 7 8 19 
0 4 5 6 7 9 
0 4 5 6 7 9 10 
0 4 5 6 7 9 10 11 
0 4 5 6 7 9 10 11 12 15 16 17 18 19 
0 4 5 6 7 9 10 11 12 15 16 17 19 
0 4 5 6 7 9 10 11 12 15 17 19 
0 4 5 6 7 9 10 11 15 
0 4 5 6 7 9 10 11 15 16 
0 4 5 6 7 9 10 11 15 16 17 18 
0 4 5 6 7 9 10 11 15 16 18 19 
0 4 5 6 7 9 10 11 15 16 19 
0 4 5 6 7 9 10 11 15 17 
0 4 5 6 7 9 10 11 15 17 19 
0 4 5 6 7 9 10 11 15 19 
0 4 5 6 7 9 10 11 16 
0 4 5 6 7 9 10 11 16 17 
0 4 5 6 7 9 10 11 16 17 18 
0 4 5 6 7 9 10 11 16 18 
0 4 5 6 7 9 10 11 16 18 19 
0 4 5 6 7 9 10 12 
0 4 5 6 7 9 10 12 15 16 19 
0 4 5 6 7 9 10 12 16 
0 4 5 6 7 9 10 12 16 19 
0 4 5 6 7 9 10 15 
0 4 5 6 7 9 10 15 16 17 18 19 
0 4 5 6 7 9 10 15 16 18 19 
0 4 5 6 7 9 10 15 16 19 
0 4 5 6 7 9 10 15 17 
0 4 5 6 7 9 10 15 19 
0 4 5 6 7 9 10 16 
0 4 5 6 7 9 10 16 18 19 
0 4 5 6 7 9 10 16 19 
0 4 5 6 7 9 10 19 
0 4 5 6 7 9 15 
0 4 5 6 7 9 15 16 
0 4 5 6 7 9 15 16 18 19 
0 4 5 6 7 9 15 16 19 
0 4 5 6 7 9 15 17 
0 4 5 6 7 9 15 17 19 
0 4 5 6 7 9 15 19 
0 4 5 6 7 9 16 
0 4 5 6 7 9 16 19 
0 4 5 6 7 9 19 
0 4 5 6 7 16 
0 4 5 6 7 16 18 19 
0 4 5 6 7 16 19 
0 4 5 6 7 19 
0 4 5 6 8 
0 4 5 6 8 9 
0 4 5 6 8 9 10 
0 4 5 6 8 9 10 11 
0 4 5 6 8 9 10 11 12 
0 4 5 6 8 9 10 11 12 19 
0 4 5 6 8 9 10 11 15 
0 4 5 6 8 9 10 11 15 16 
0 4 5 6 8 9 10 11 15 16 18 
0 4 5 6 8 9 10 11 15 17 19 
0 4 5 6 8 9 10 11 19 
0 4 5 6 8 9 10 15 
0 4 5 6 8 9 10 15 16 
0 4 5 6 8 9 10 15 17 
0 4 5 6 8 9 10 15 19 
0 4 5 6 8 9 10 16 
0 4 5 6 8 9 10 17 
0 4 5 6 8 9 10 19 
0 4 5 6 8 9 15 
0 4 5 6 8 9 15 17 19 
0 4 5 6 8 9 16 
0 4 5 6 8 9 16 19 
0 4 5 6 8 9 19 
0 4 5 6 8 16 
0 4 5 6 8 19 
0 4 5 6 9 
0 4 5 6 9 10 
0 4 5 6 9 10 11 
0 4 5 6 9 10 11 12 
0 4 5 6 9 10 11 15 
0 4 5 6 9 10 11 15 16 
0 4 5 6 9 10 11 15 16 17 
0 4 5 6 9 10 11 15 16 17 18 
0 4 5 6 9 10 11 15 16 19 
0 4 5 6 9 10 11 15 17 19 
0 4 5 6 9 10 11 15 19 
0 4 5 6 9 10 11 16 
0 4 5 6 9 10 11 16 17 
0 4 5 6 9 10 11 16 18 
0 4 5 6 9 10 11 17 
0 4 5 6 9 10 12 
0 4 5 6 9 10 15 
0 4 5 6 9 10 15 16 
0 4 5 6 9 10 15 16 17 
0 4 5 6 9 10 15 16 18 19 
0 4 5 6 9 10 15 16 19 
0 4 5 6 9 10 15 17 
0 4 5 6 9 10 15 17 19 
0 4 5 6 9 10 15 19 
0 4 5 6 9 10 16 
0 4 5 6 9 10 16 19 
0 4 5 6 9 10 17 
0 4 5 6 9 10 19 
0 4 5 6 9 15 
0 4 5 6 9 15 16 17 18 19 
0 4 5 6 9 15 16 17 19 
0 4 5 6 9 15 17 
0 4 5 6 9 15 17 19 
0 4 5 6 9 15 19 
0 4 5 6 9 16 
0 4 5 6 9 16 19 
0 4 5 6 9 19 
0 4 5 6 16 
0 4 5 6 16 19 
0 4 5 6 19 
0 4 6 
0 4 6 7 
0 4 6 7 8 
0 4 6 7 8 16 19 
0 4 6 7 8 19 
0 4 6 7 16 
0 4 6 7 16 19 
0 4 6 7 19 
0 4 6 8 
0 4 6 16 
0 4 6 16 19 
0 4 6 19 
0 4 16 
0 6 
0 6 7 
