0 1 
0 1 2 4 5 7 8 9 10 11 12 13 14 15 16 17 18 19 
0 1 2 4 5 7 8 9 10 11 12 13 14 15 17 18 19 
0 1 2 4 5 7 8 9 10 11 13 14 15 16 17 18 19 
0 1 2 4 5 7 8 9 10 11 13 14 15 17 18 19 
0 1 2 4 5 7 8 10 11 12 13 14 15 16 17 18 19 
0 1 2 4 5 7 8 10 11 12 13 14 15 17 18 19 
0 1 2 4 5 7 8 10 11 12 14 15 16 17 18 19 
0 1 2 4 5 7 8 10 11 13 14 15 16 17 18 19 
0 1 2 4 5 7 8 10 11 13 14 15 17 18 19 
0 1 2 4 5 7 8 10 11 14 15 17 18 19 
0 1 2 4 5 7 9 10 11 12 13 14 15 16 17 18 19 
0 1 2 4 5 7 9 10 11 12 13 14 15 17 18 19 
0 1 2 4 5 7 9 10 11 13 14 15 16 17 18 19 
0 1 2 4 5 7 9 10 11 13 14 15 16 18 19 
0 1 2 4 5 7 9 10 11 13 14 15 17 18 19 
0 1 2 4 5 7 9 10 12 13 14 15 17 18 19 
0 1 2 4 5 7 9 10 12 13 14 18 19 
0 1 2 4 5 7 9 10 13 14 15 17 18 19 
0 1 2 4 5 7 9 10 13 14 18 19 
0 1 2 4 5 7 10 11 12 13 14 15 16 17 18 19 
0 1 2 4 5 7 10 11 12 13 14 15 16 18 19 
0 1 2 4 5 7 10 11 12 13 14 15 17 18 19 
0 1 2 4 5 7 10 11 12 13 14 15 18 19 
0 1 2 4 5 7 10 11 12 13 14 18 19 
0 1 2 4 5 7 10 11 12 14 15 16 17 18 19 
0 1 2 4 5 7 10 11 12 14 15 17 18 19 
0 1 2 4 5 7 10 11 12 14 18 19 
0 1 2 4 5 7 10 11 13 14 15 16 17 18 19 
0 1 2 4 5 7 10 11 13 14 15 16 18 19 
0 1 2 4 5 7 10 11 13 14 15 17 18 19 
0 1 2 4 5 7 10 11 13 14 15 18 19 
0 1 2 4 5 7 10 11 13 14 18 19 
0 1 2 4 5 7 10 11 14 15 16 17 18 19 
0 1 2 4 5 7 10 11 14 15 17 18 19 
0 1 2 4 5 7 10 11 14 18 19 
0 1 2 4 5 7 10 12 13 14 15 17 18 19 
0 1 2 4 5 7 10 13 14 15 17 18 19 
0 1 2 4 5 7 10 13 14 15 18 19 
0 1 2 4 5 7 10 13 14 18 19 
0 1 2 4 5 7 10 14 15 17 18 19 
0 1 2 4 5 7 10 14 18 19 
0 1 2 4 5 8 9 10 11 12 13 14 15 17 18 19 
0 1 2 4 5 8 9 10 11 13 14 15 17 18 19 
0 1 2 4 5 9 10 11 12 13 14 15 17 18 19 
0 1 2 4 5 9 10 11 13 14 15 16 17 18 19 
0 1 2 4 5 9 10 11 13 14 15 16 18 19 
0 1 2 4 5 9 10 11 13 14 15 17 18 19 
0 1 2 4 5 9 10 11 13 14 15 18 19 
0 1 2 4 5 9 10 13 14 15 17 18 19 
0 1 2 4 5 10 11 13 14 15 16 17 18 19 
0 1 2 4 5 10 11 13 14 15 16 18 19 
0 1 2 4 5 10 11 13 14 15 17 18 19 
0 1 2 4 5 10 11 13 14 15 18 19 
0 1 2 4 5 10 11 13 14 18 19 
0 1 2 4 5 10 11 14 15 17 18 19 
0 1 2 4 5 10 13 14 15 17 18 19 
0 1 2 4 7 10 11 13 14 15 16 17 18 19 
0 1 2 4 7 10 11 13 14 15 16 18 19 
0 1 2 4 7 10 11 13 14 15 17 18 19 
0 1 2 4 7 10 11 13 14 15 18 19 
0 1 2 4 7 10 11 13 14 18 19 
0 1 2 4 7 10 11 14 15 16 17 18 19 
0 1 2 4 7 10 11 14 15 16 18 19 
0 1 2 4 7 10 11 14 15 17 18 19 
0 1 2 4 7 10 11 14 15 18 19 
0 1 2 4 7 10 11 14 18 19 
0 1 2 4 7 10 13 14 15 17 18 19 
0 1 2 4 7 10 13 14 15 18 19 
0 1 2 4 7 10 13 14 18 19 
0 1 2 4 7 10 14 15 17 18 19 
0 1 2 4 7 10 14 18 19 
0 1 2 4 7 11 13 14 15 16 17 18 19 
0 1 2 4 7 11 13 14 15 16 18 19 
0 1 2 4 7 11 13 14 15 17 18 19 
0 1 2 4 7 11 13 14 15 18 19 
0 1 2 4 7 11 13 14 18 19 
0 1 2 4 7 11 14 15 16 17 18 19 
0 1 2 4 7 11 14 15 16 18 19 
0 1 2 4 7 11 14 15 17 18 19 
0 1 2 4 7 11 14 15 18 19 
0 1 2 4 7 11 14 18 19 
0 1 2 4 7 13 14 15 17 18 19 
0 1 2 4 7 13 14 15 18 19 
0 1 2 4 7 13 14 18 19 
0 1 2 4 7 14 15 17 18 19 
0 1 2 4 7 14 15 18 19 
0 1 2 4 7 14 18 19 
0 1 2 4 10 11 13 14 15 16 17 18 19 
0 1 2 4 10 11 13 14 15 16 18 19 
0 1 2 4 10 11 13 14 15 17 18 19 
0 1 2 4 10 11 13 14 15 18 19 
0 1 2 4 10 11 13 14 18 19 
0 1 2 4 10 11 14 15 17 18 19 
0 1 2 4 10 13 14 15 17 18 19 
0 1 2 4 11 13 14 15 16 17 18 19 
0 1 2 4 11 13 14 15 16 18 19 
0 1 2 4 11 13 14 15 17 18 19 
0 1 2 4 11 13 14 15 18 19 
0 1 2 4 11 13 14 18 19 
0 1 2 4 11 14 15 16 17 18 19 
0 1 2 4 11 14 15 16 18 19 
0 1 2 4 11 14 15 17 18 19 
0 1 2 4 11 14 15 18 19 
0 1 2 4 11 14 18 19 
0 1 2 4 13 14 15 17 18 19 
0 1 2 4 13 14 15 18 19 
0 1 2 4 13 14 18 19 
0 1 2 4 14 15 17 18 19 
0 1 2 4 14 15 18 19 
0 1 2 4 14 18 19 
0 1 2 7 11 14 15 16 17 18 19 
0 1 2 7 11 14 15 16 18 19 
0 1 2 7 11 14 15 17 18 19 
0 1 2 7 11 14 15 18 19 
0 1 2 7 11 14 18 19 
0 1 2 7 14 15 17 18 19 
0 1 2 7 14 15 18 19 
0 1 2 7 14 18 19 
0 1 2 11 14 15 16 17 18 19 
0 1 2 11 14 15 16 17 19 
0 1 2 11 14 15 16 18 19 
0 1 2 11 14 15 17 18 19 
0 1 2 11 14 15 17 19 
0 1 2 11 14 15 18 19 
0 1 2 11 14 15 19 
0 1 2 11 14 18 19 
0 1 2 11 14 19 
0 1 2 14 15 17 18 19 
0 1 2 14 15 17 19 
0 1 2 14 15 18 19 
0 1 2 14 15 19 
0 1 2 14 18 19 
0 1 2 14 19 
0 1 2 18 19 
0 1 2 19 
0 1 4 7 11 13 14 15 16 18 19 
0 1 4 7 11 13 14 15 17 18 19 
0 1 4 7 11 14 15 17 18 19 
0 1 4 7 11 14 18 19 
0 1 4 7 13 14 15 17 18 19 
0 1 4 7 13 14 15 18 19 
0 1 4 7 13 14 18 19 
0 1 4 7 14 15 17 18 19 
0 1 4 7 14 15 18 19 
0 1 4 7 14 18 19 
0 1 4 11 13 14 15 16 18 19 
0 1 4 11 13 14 15 18 19 
0 1 4 11 13 14 18 19 
0 1 4 11 14 15 16 18 19 
0 1 4 11 14 15 18 19 
0 1 4 11 14 18 19 
0 1 4 13 14 15 17 18 19 
0 1 4 13 14 15 18 19 
0 1 4 13 14 18 19 
0 1 4 14 15 17 18 19 
0 1 4 14 15 18 19 
0 1 4 14 18 19 
0 1 7 11 14 15 17 18 19 
0 1 7 14 15 17 18 19 
0 1 7 14 15 18 19 
0 1 7 14 18 19 
0 1 11 14 15 16 18 19 
0 1 11 14 15 18 19 
0 1 11 14 18 19 
0 1 14 
0 1 14 15 17 18 19 
0 1 14 15 17 19 
0 1 14 15 18 19 
0 1 14 15 19 
0 1 14 18 
0 1 14 18 19 
0 1 14 19 
0 1 18 
0 1 18 19 
0 1 19 
0 4 7 14 15 17 18 19 
0 4 7 14 15 18 19 
0 4 7 14 18 19 
0 4 13 14 15 17 18 19 
0 4 14 15 17 18 19 
0 4 14 18 19 
0 14 
0 14 15 17 18 19 
0 14 15 18 19 
0 14 18 
0 14 18 19 
0 14 19 
0 18 
0 18 19 
0 19 
